-1.7889 -0.8000 3.9192 1.0000 1.0000
-0.2226 -0.8000 0.5602 1.0000 1.0000
0.0000 -0.0000 0.0000 1.0000 1.0000
-2.2383 0.0000 4.8000 1.0000 1.0000
-1.7889 -0.8000 3.9192 1.0000 1.0000
-2.2383 0.0000 4.8000 1.0000 1.0000
-3.0276 3.4641 2.0000 1.0000 1.0000
-0.2226 0.8000 -0.5602 1.0000 1.0000
0.0000 -0.0000 0.0000 1.0000 1.0000
-0.2226 0.8000 -0.5602 1.0000 1.0000
-1.7889 0.8000 -3.9192 1.0000 1.0000
-2.2383 -0.0000 -4.8000 1.0000 1.0000
0.0000 0.0000 -0.0000 1.0000 1.0000
-0.2226 -0.8000 0.5602 1.0000 1.0000
-3.0276 -3.4641 -2.0000 1.0000 1.0000
-2.2383 -0.0000 -4.8000 1.0000 1.0000
-1.7889 0.8000 -3.9192 1.0000 1.0000
-0.5370 -0.7071 1.2248 1.0000 1.0000
-0.5398 -0.7107 1.2311 1.0000 1.0000
-0.5426 -0.7143 1.2374 1.0000 1.0000
-0.5454 -0.7177 1.2438 1.0000 1.0000
-0.5482 -0.7211 1.2502 1.0000 1.0000
-0.5510 -0.7245 1.2567 1.0000 1.0000
-0.5539 -0.7278 1.2631 1.0000 1.0000
-0.5568 -0.7310 1.2696 1.0000 1.0000
-0.5597 -0.7341 1.2762 1.0000 1.0000
-0.5626 -0.7371 1.2827 1.0000 1.0000
-0.5655 -0.7401 1.2893 1.0000 1.0000
-0.5684 -0.7431 1.2959 1.0000 1.0000
-0.5714 -0.7459 1.3025 1.0000 1.0000
-0.5743 -0.7487 1.3092 1.0000 1.0000
-0.5773 -0.7514 1.3158 1.0000 1.0000
-0.5803 -0.7540 1.3225 1.0000 1.0000
-0.5833 -0.7566 1.3292 1.0000 1.0000
-0.5863 -0.7591 1.3360 1.0000 1.0000
-0.5894 -0.7615 1.3427 1.0000 1.0000
-0.5924 -0.7639 1.3495 1.0000 1.0000
-0.5955 -0.7661 1.3563 1.0000 1.0000
-0.5985 -0.7683 1.3631 1.0000 1.0000
-0.6016 -0.7705 1.3699 1.0000 1.0000
-0.6047 -0.7725 1.3768 1.0000 1.0000
-0.6078 -0.7745 1.3836 1.0000 1.0000
-0.6109 -0.7764 1.3905 1.0000 1.0000
-0.6141 -0.7783 1.3974 1.0000 1.0000
-0.6172 -0.7800 1.4043 1.0000 1.0000
-0.6204 -0.7817 1.4112 1.0000 1.0000
-0.6235 -0.7833 1.4182 1.0000 1.0000
-0.6267 -0.7849 1.4251 1.0000 1.0000
-0.6298 -0.7864 1.4321 1.0000 1.0000
-0.6330 -0.7878 1.4391 1.0000 1.0000
-0.6362 -0.7891 1.4460 1.0000 1.0000
-0.6394 -0.7903 1.4530 1.0000 1.0000
-0.6426 -0.7915 1.4600 1.0000 1.0000
-0.6458 -0.7926 1.4670 1.0000 1.0000
-0.6491 -0.7936 1.4741 1.0000 1.0000
-0.6523 -0.7945 1.4811 1.0000 1.0000
-0.6555 -0.7954 1.4881 1.0000 1.0000
-0.6588 -0.7962 1.4952 1.0000 1.0000
-0.6620 -0.7969 1.5022 1.0000 1.0000
-0.0000 0.0000 -0.0000 1.0000 1.0000
-1.1444 -0.4801 0.8316 1.0000 1.0000
-1.1522 -0.4755 0.8234 1.0000 1.0000
-1.1601 -0.4710 0.8152 1.0000 1.0000
-1.1679 -0.4667 0.8069 1.0000 1.0000
-1.1758 -0.4624 0.7986 1.0000 1.0000
-1.1836 -0.4583 0.7902 1.0000 1.0000
-1.1914 -0.4544 0.7817 1.0000 1.0000
-1.1993 -0.4506 0.7731 1.0000 1.0000
-1.2071 -0.4469 0.7645 1.0000 1.0000
-1.2149 -0.4433 0.7558 1.0000 1.0000
-1.2227 -0.4399 0.7470 1.0000 1.0000
-1.2305 -0.4366 0.7382 1.0000 1.0000
-1.2383 -0.4335 0.7293 1.0000 1.0000
-1.2460 -0.4304 0.7204 1.0000 1.0000
-1.2538 -0.4276 0.7114 1.0000 1.0000
-1.2615 -0.4248 0.7023 1.0000 1.0000
-1.2692 -0.4222 0.6932 1.0000 1.0000
-1.2769 -0.4197 0.6840 1.0000 1.0000
-1.2846 -0.4174 0.6748 1.0000 1.0000
-1.2922 -0.4152 0.6656 1.0000 1.0000
-1.2999 -0.4132 0.6562 1.0000 1.0000
-1.3075 -0.4113 0.6469 1.0000 1.0000
-1.3151 -0.4095 0.6375 1.0000 1.0000
-1.3226 -0.4079 0.6280 1.0000 1.0000
-1.3301 -0.4064 0.6185 1.0000 1.0000
-1.3377 -0.4050 0.6090 1.0000 1.0000
-1.3451 -0.4038 0.5994 1.0000 1.0000
-1.3526 -0.4027 0.5897 1.0000 1.0000
-1.3600 -0.4018 0.5801 1.0000 1.0000
-1.3674 -0.4010 0.5704 1.0000 1.0000
-1.3747 -0.4004 0.5606 1.0000 1.0000
-1.3820 -0.3999 0.5509 1.0000 1.0000
-1.3893 -0.3995 0.5411 1.0000 1.0000
-1.3965 -0.3993 0.5312 1.0000 1.0000
-1.4038 -0.3992 0.5213 1.0000 1.0000
-1.4109 -0.3993 0.5115 1.0000 1.0000
-1.4180 -0.3995 0.5015 1.0000 1.0000
-1.4251 -0.3998 0.4916 1.0000 1.0000
-1.4322 -0.4003 0.4816 1.0000 1.0000
-1.4392 -0.4009 0.4716 1.0000 1.0000
-1.4461 -0.4017 0.4616 1.0000 1.0000
-1.4530 -0.4026 0.4516 1.0000 1.0000
-1.4599 -0.4036 0.4415 1.0000 1.0000
-1.4667 -0.4048 0.4315 1.0000 1.0000
-1.4735 -0.4061 0.4214 1.0000 1.0000
-1.4802 -0.4076 0.4113 1.0000 1.0000
-1.4869 -0.4092 0.4012 1.0000 1.0000
-1.4935 -0.4110 0.3910 1.0000 1.0000
-1.5001 -0.4128 0.3809 1.0000 1.0000
-1.5066 -0.4149 0.3708 1.0000 1.0000
-1.5130 -0.4170 0.3606 1.0000 1.0000
-1.5195 -0.4193 0.3505 1.0000 1.0000
-1.5258 -0.4218 0.3404 1.0000 1.0000
-1.5321 -0.4244 0.3302 1.0000 1.0000
-1.5383 -0.4271 0.3201 1.0000 1.0000
-1.5445 -0.4299 0.3099 1.0000 1.0000
-1.5506 -0.4329 0.2998 1.0000 1.0000
-1.5567 -0.4361 0.2896 1.0000 1.0000
-1.5627 -0.4393 0.2795 1.0000 1.0000
-1.5686 -0.4427 0.2694 1.0000 1.0000
-1.5745 -0.4463 0.2592 1.0000 1.0000
-1.5803 -0.4499 0.2491 1.0000 1.0000
-1.5860 -0.4537 0.2390 1.0000 1.0000
-1.5917 -0.4577 0.2290 1.0000 1.0000
-1.5973 -0.4617 0.2189 1.0000 1.0000
-1.6028 -0.4659 0.2089 1.0000 1.0000
-1.6083 -0.4703 0.1988 1.0000 1.0000
-1.6137 -0.4747 0.1888 1.0000 1.0000
-1.6190 -0.4793 0.1788 1.0000 1.0000
-1.6243 -0.4841 0.1689 1.0000 1.0000
-1.6295 -0.4889 0.1589 1.0000 1.0000
-1.6346 -0.4939 0.1490 1.0000 1.0000
-1.6396 -0.4990 0.1391 1.0000 1.0000
-1.6446 -0.5042 0.1293 1.0000 1.0000
-1.6495 -0.5096 0.1194 1.0000 1.0000
-1.6543 -0.5151 0.1096 1.0000 1.0000
-1.6591 -0.5207 0.0999 1.0000 1.0000
-1.6637 -0.5264 0.0902 1.0000 1.0000
-1.6683 -0.5323 0.0805 1.0000 1.0000
-1.6728 -0.5382 0.0708 1.0000 1.0000
-1.6773 -0.5443 0.0612 1.0000 1.0000
-1.6816 -0.5505 0.0516 1.0000 1.0000
-1.6859 -0.5569 0.0421 1.0000 1.0000
-1.6901 -0.5633 0.0326 1.0000 1.0000
-1.6942 -0.5699 0.0231 1.0000 1.0000
-1.6982 -0.5766 0.0137 1.0000 1.0000
-1.7021 -0.5834 0.0044 1.0000 1.0000
-1.7060 -0.5903 -0.0049 1.0000 1.0000
-1.7098 -0.5973 -0.0142 1.0000 1.0000
-1.7135 -0.6045 -0.0234 1.0000 1.0000
-1.7171 -0.6117 -0.0325 1.0000 1.0000
-1.7206 -0.6191 -0.0416 1.0000 1.0000
-1.7240 -0.6265 -0.0507 1.0000 1.0000
-1.7274 -0.6341 -0.0596 1.0000 1.0000
-1.7307 -0.6418 -0.0686 1.0000 1.0000
-1.7338 -0.6496 -0.0774 1.0000 1.0000
-1.7369 -0.6574 -0.0862 1.0000 1.0000
-1.7399 -0.6654 -0.0950 1.0000 1.0000
-1.7428 -0.6735 -0.1037 1.0000 1.0000
-1.7457 -0.6817 -0.1123 1.0000 1.0000
-1.7484 -0.6900 -0.1208 1.0000 1.0000
