100.0000 77.0000 0.0000 0.0000 0.0000
98.0000 77.0000 0.0000 -1.5190 0.0000
96.0000 77.0000 0.0000 -3.0380 0.0000
94.0000 77.0000 0.0000 -4.5570 0.0000
92.0000 77.0000 0.0000 -6.0760 0.0000
90.0000 77.0000 0.0000 -7.5950 0.0000
88.0000 77.0000 0.0000 -9.1140 0.0000
86.0000 77.0000 0.0000 -10.6330 0.0000
84.0000 77.0000 0.0000 -12.1520 0.0000
82.0000 77.0000 0.0000 -13.6710 0.0000
80.0000 77.0000 0.0000 -15.1900 0.0000
78.0000 77.0000 0.0000 -16.7090 0.0000
76.0000 77.0000 0.0000 -18.2280 0.0000
74.0000 77.0000 0.0000 -19.7470 0.0000
72.0000 77.0000 0.0000 -21.2660 0.0000
70.0000 77.0000 0.0000 -22.7850 0.0000
68.0000 77.0000 0.0000 -24.3040 0.0000
66.0000 77.0000 0.0000 -25.8230 0.0000
64.0000 77.0000 0.0000 -27.3420 0.0000
62.0000 77.0000 0.0000 -28.8610 0.0000
60.0000 77.0000 0.0000 -30.3800 0.0000
58.0000 77.0000 0.0000 -31.8990 0.0000
56.0000 77.0000 0.0000 -33.4180 0.0000
54.0000 77.0000 0.0000 -34.9370 0.0000
52.0000 77.0000 0.0000 -36.4560 0.0000
50.0000 77.0000 0.0000 -37.9750 0.0000
48.0000 77.0000 0.0000 -39.4940 0.0000
46.0000 77.0000 0.0000 -41.0130 0.0000
44.0000 77.0000 0.0000 -42.5320 0.0000
42.0000 77.0000 0.0000 -44.0510 0.0000
40.0000 77.0000 0.0000 -45.5700 0.0000
38.0000 77.0000 0.0000 -47.0890 0.0000
36.0000 77.0000 0.0000 -48.6080 0.0000
34.0000 77.0000 0.0000 -50.1270 0.0000
32.0000 77.0000 0.0000 -51.6460 0.0000
30.0000 77.0000 0.0000 -53.1650 0.0000
28.0000 77.0000 0.0000 -54.6840 0.0000
26.0000 77.0000 0.0000 -56.2030 0.0000
24.0000 77.0000 0.0000 -57.7220 0.0000
22.0000 77.0000 0.0000 -59.2410 0.0000
20.0000 77.0000 0.0000 -60.7600 0.0000
18.0000 77.0000 0.0000 -62.2790 0.0000
16.0000 77.0000 0.0000 -63.7980 0.0000
14.0000 77.0000 0.0000 -65.3170 0.0000
12.0000 77.0000 0.0000 -66.8360 0.0000
10.0000 77.0000 0.0000 -68.3550 0.0000
8.0000 77.0000 0.0000 -69.8740 0.0000
6.0000 77.0000 0.0000 -71.3930 0.0000
4.0000 77.0000 0.0000 -72.9120 0.0000
2.0000 77.0000 0.0000 -74.4310 0.0000
0.0000 77.0000 0.0000 -75.9500 0.0000
0.0000 76.4134 0.1166 -75.9500 -0.6128
0.0000 75.8268 0.2331 -75.9500 -1.2256
0.0000 75.2401 0.3497 -75.9500 -1.8384
0.0000 74.6535 0.4662 -75.9500 -2.4512
0.0000 74.0669 0.5828 -75.9500 -3.0640
0.0000 73.4803 0.6994 -75.9500 -3.6768
0.0000 72.8937 0.8159 -75.9500 -4.2896
0.0000 72.3070 0.9325 -75.9500 -4.9024
0.0000 71.7204 1.0490 -75.9500 -5.5152
0.0000 71.1338 1.1656 -75.9500 -6.1280
0.0000 70.5472 1.2822 -75.9500 -6.7408
0.0000 69.9606 1.3987 -75.9500 -7.3536
0.0000 69.3739 1.5153 -75.9500 -7.9664
0.0000 68.7873 1.6318 -75.9500 -8.5792
0.0000 68.2007 1.7484 -75.9500 -9.1920
0.0000 67.6141 1.8650 -75.9500 -9.8048
0.0000 67.0275 1.9815 -75.9500 -10.4176
0.0000 66.4408 2.0981 -75.9500 -11.0304
0.0000 65.8542 2.2146 -75.9500 -11.6432
0.0000 65.2676 2.3312 -75.9500 -12.2560
0.0000 64.6810 2.4478 -75.9500 -12.8688
0.0000 64.0944 2.5643 -75.9500 -13.4816
0.0000 63.5077 2.6809 -75.9500 -14.0944
0.0000 62.9211 2.7974 -75.9500 -14.7072
0.0000 62.3345 2.9140 -75.9500 -15.3200
0.0000 61.7479 3.0306 -75.9500 -15.9328
0.0000 61.1613 3.1471 -75.9500 -16.5456
0.0000 60.5746 3.2637 -75.9500 -17.1584
0.0000 59.9880 3.3802 -75.9500 -17.7712
0.0000 59.4014 3.4968 -75.9500 -18.3840
0.0000 58.8148 3.6134 -75.9500 -18.9968
0.0000 58.2282 3.7299 -75.9500 -19.6096
0.0000 57.6415 3.8465 -75.9500 -20.2224
0.0000 57.0549 3.9630 -75.9500 -20.8352
0.0000 56.4683 4.0796 -75.9500 -21.4480
0.0000 55.8817 4.1962 -75.9500 -22.0608
0.0000 55.2951 4.3127 -75.9500 -22.6736
0.0000 54.7084 4.4293 -75.9500 -23.2864
0.0000 54.1218 4.5458 -75.9500 -23.8992
0.0000 53.5352 4.6624 -75.9500 -24.5120
0.0000 52.9486 4.7790 -75.9500 -25.1248
0.0000 52.3620 4.8955 -75.9500 -25.7376
0.0000 51.7753 5.0121 -75.9500 -26.3504
0.0000 51.1887 5.1286 -75.9500 -26.9632
0.0000 50.6021 5.2452 -75.9500 -27.5760
0.0000 50.0155 5.3618 -75.9500 -28.1888
0.0000 49.4289 5.4783 -75.9500 -28.8016
0.0000 48.8422 5.5949 -75.9500 -29.4144
0.0000 48.2556 5.7114 -75.9500 -30.0272
0.0000 47.6690 5.8280 -75.9500 -30.6400
-0.6426 47.6690 5.8280 -75.9500 -30.6400
-1.2853 47.6690 5.8280 -75.9500 -30.6400
-1.9279 47.6690 5.8280 -75.9500 -30.6400
-2.5706 47.6690 5.8280 -75.9500 -30.6400
-3.2132 47.6690 5.8280 -75.9500 -30.6400
-3.8558 47.6690 5.8280 -75.9500 -30.6400
-4.4985 47.6690 5.8280 -75.9500 -30.6400
-5.1411 47.6690 5.8280 -75.9500 -30.6400
-5.7838 47.6690 5.8280 -75.9500 -30.6400
-6.4264 47.6690 5.8280 -75.9500 -30.6400
-7.0690 47.6690 5.8280 -75.9500 -30.6400
-7.7117 47.6690 5.8280 -75.9500 -30.6400
-8.3543 47.6690 5.8280 -75.9500 -30.6400
-8.9970 47.6690 5.8280 -75.9500 -30.6400
-9.6396 47.6690 5.8280 -75.9500 -30.6400
-10.2822 47.6690 5.8280 -75.9500 -30.6400
-10.9249 47.6690 5.8280 -75.9500 -30.6400
-11.5675 47.6690 5.8280 -75.9500 -30.6400
-12.2102 47.6690 5.8280 -75.9500 -30.6400
-12.8528 47.6690 5.8280 -75.9500 -30.6400
-13.4954 47.6690 5.8280 -75.9500 -30.6400
-14.1381 47.6690 5.8280 -75.9500 -30.6400
-14.7807 47.6690 5.8280 -75.9500 -30.6400
-15.4234 47.6690 5.8280 -75.9500 -30.6400
-16.0660 47.6690 5.8280 -75.9500 -30.6400
-16.7086 47.6690 5.8280 -75.9500 -30.6400
-17.3513 47.6690 5.8280 -75.9500 -30.6400
-17.9939 47.6690 5.8280 -75.9500 -30.6400
-18.6366 47.6690 5.8280 -75.9500 -30.6400
-19.2792 47.6690 5.8280 -75.9500 -30.6400
-19.9218 47.6690 5.8280 -75.9500 -30.6400
-20.5645 47.6690 5.8280 -75.9500 -30.6400
-21.2071 47.6690 5.8280 -75.9500 -30.6400
-21.8498 47.6690 5.8280 -75.9500 -30.6400
-22.4924 47.6690 5.8280 -75.9500 -30.6400
-23.1350 47.6690 5.8280 -75.9500 -30.6400
-23.7777 47.6690 5.8280 -75.9500 -30.6400
-24.4203 47.6690 5.8280 -75.9500 -30.6400
-25.0630 47.6690 5.8280 -75.9500 -30.6400
-25.7056 47.6690 5.8280 -75.9500 -30.6400
-26.3482 47.6690 5.8280 -75.9500 -30.6400
-26.9909 47.6690 5.8280 -75.9500 -30.6400
-27.6335 47.6690 5.8280 -75.9500 -30.6400
-28.2762 47.6690 5.8280 -75.9500 -30.6400
-28.9188 47.6690 5.8280 -75.9500 -30.6400
-29.5614 47.6690 5.8280 -75.9500 -30.6400
-30.2041 47.6690 5.8280 -75.9500 -30.6400
-30.8467 47.6690 5.8280 -75.9500 -30.6400
-31.4894 47.6690 5.8280 -75.9500 -30.6400
-32.1320 47.6600 5.8280 -75.9500 -30.6400
-32.1320 47.6600 5.8280 -75.9500 -30.6400
-31.6158 47.6600 5.5222 -71.9804 -30.6400
-31.0996 47.6600 5.2164 -68.0108 -30.6400
-30.5833 47.6600 4.9106 -64.0413 -30.6400
-30.0671 47.6600 4.6048 -60.0717 -30.6400
-29.5509 47.6600 4.2990 -56.1021 -30.6400
-29.0347 47.6600 3.9932 -52.1325 -30.6400
-28.5185 47.6600 3.6874 -48.1629 -30.6400
-28.0022 47.6600 3.3816 -44.1934 -30.6400
-27.4860 47.6600 3.0758 -40.2238 -30.6400
-26.9698 47.6600 2.7700 -36.2542 -30.6400
-26.4536 47.6600 2.4642 -32.2846 -30.6400
-25.9374 47.6600 2.1584 -28.3150 -30.6400
-25.4211 47.6600 1.8526 -24.3455 -30.6400
-24.9049 47.6600 1.5468 -20.3759 -30.6400
-24.3887 47.6600 1.2410 -16.4063 -30.6400
-23.8725 47.6600 0.9352 -12.4367 -30.6400
-23.3563 47.6600 0.6294 -8.4671 -30.6400
-22.8400 47.6600 0.3236 -4.4976 -30.6400
-22.3238 47.6600 0.0178 -0.5280 -30.6400
-21.8076 47.6600 -0.2880 3.4416 -30.6400
-21.2914 47.6600 -0.5938 7.4112 -30.6400
-20.7752 47.6600 -0.8996 11.3808 -30.6400
-20.2589 47.6600 -1.2054 15.3503 -30.6400
-19.7427 47.6600 -1.5112 19.3199 -30.6400
-19.2265 47.6600 -1.8170 23.2895 -30.6400
-18.7103 47.6600 -2.1228 27.2591 -30.6400
-18.1941 47.6600 -2.4286 31.2287 -30.6400
-17.6778 47.6600 -2.7344 35.1982 -30.6400
-17.1616 47.6600 -3.0402 39.1678 -30.6400
-16.6454 47.6600 -3.3460 43.1374 -30.6400
-16.1292 47.6600 -3.6518 47.1070 -30.6400
-15.6130 47.6600 -3.9576 51.0766 -30.6400
-15.0967 47.6600 -4.2634 55.0461 -30.6400
-14.5805 47.6600 -4.5692 59.0157 -30.6400
-14.0643 47.6600 -4.8750 62.9853 -30.6400
-13.5481 47.6600 -5.1808 66.9549 -30.6400
-13.0319 47.6600 -5.4866 70.9245 -30.6400
-12.5156 47.6600 -5.7924 74.8940 -30.6400
-11.9994 47.6600 -6.0982 78.8636 -30.6400
-11.4832 47.6600 -6.4040 82.8332 -30.6400
-10.9670 47.6600 -6.7098 86.8028 -30.6400
-10.4508 47.6600 -7.0156 90.7724 -30.6400
-9.9345 47.6600 -7.3214 94.7419 -30.6400
-9.4183 47.6600 -7.6272 98.7115 -30.6400
-8.9021 47.6600 -7.9330 102.6811 -30.6400
-8.3859 47.6600 -8.2388 106.6507 -30.6400
-7.8697 47.6600 -8.5446 110.6203 -30.6400
-7.3534 47.6600 -8.8504 114.5898 -30.6400
-6.8372 47.6600 -9.1562 118.5594 -30.6400
-6.3210 47.6600 -9.4620 122.5290 -30.6400
-6.3210 48.1600 -9.4620 122.5290 -30.6400
-6.3210 48.6600 -9.4620 122.5290 -30.6400
-6.3210 49.1600 -9.4620 122.5290 -30.6400
-6.3210 49.6600 -9.4620 122.5290 -30.6400
-6.3210 50.1600 -9.4620 122.5290 -30.6400
-6.3210 50.6600 -9.4620 122.5290 -30.6400
-6.3210 51.1600 -9.4620 122.5290 -30.6400
-6.3210 51.6600 -9.4620 122.5290 -30.6400
-6.3210 52.1600 -9.4620 122.5290 -30.6400
-6.3210 52.6600 -9.4620 122.5290 -30.6400
-6.3210 53.1600 -9.4620 122.5290 -30.6400
-6.3210 53.6600 -9.4620 122.5290 -30.6400
-6.3210 54.1600 -9.4620 122.5290 -30.6400
-6.3210 54.6600 -9.4620 122.5290 -30.6400
-6.3210 55.1600 -9.4620 122.5290 -30.6400
-6.3210 55.6600 -9.4620 122.5290 -30.6400
-6.3210 56.1600 -9.4620 122.5290 -30.6400
-6.3210 56.6600 -9.4620 122.5290 -30.6400
-6.3210 57.1600 -9.4620 122.5290 -30.6400
-6.3210 57.6600 -9.4620 122.5290 -30.6400
-6.3210 58.1600 -9.4620 122.5290 -30.6400
-6.3210 58.6600 -9.4620 122.5290 -30.6400
-6.3210 59.1600 -9.4620 122.5290 -30.6400
-6.3210 59.6600 -9.4620 122.5290 -30.6400
-6.3210 60.1600 -9.4620 122.5290 -30.6400
-6.3210 60.6600 -9.4620 122.5290 -30.6400
-6.3210 61.1600 -9.4620 122.5290 -30.6400
-6.3210 61.6600 -9.4620 122.5290 -30.6400
-6.3210 62.1600 -9.4620 122.5290 -30.6400
-6.3210 62.6600 -9.4620 122.5290 -30.6400
-6.3210 63.1600 -9.4620 122.5290 -30.6400
-6.3210 63.6600 -9.4620 122.5290 -30.6400
-6.3210 64.1600 -9.4620 122.5290 -30.6400
-6.3210 64.6600 -9.4620 122.5290 -30.6400
-6.3210 65.1600 -9.4620 122.5290 -30.6400
-6.3210 65.6600 -9.4620 122.5290 -30.6400
-6.3210 66.1600 -9.4620 122.5290 -30.6400
-6.3210 66.6600 -9.4620 122.5290 -30.6400
-6.3210 67.1600 -9.4620 122.5290 -30.6400
-6.3210 67.6600 -9.4620 122.5290 -30.6400
-6.3210 68.1600 -9.4620 122.5290 -30.6400
-6.3210 68.6600 -9.4620 122.5290 -30.6400
-6.3210 69.1600 -9.4620 122.5290 -30.6400
-6.3210 69.6600 -9.4620 122.5290 -30.6400
-6.3210 70.1600 -9.4620 122.5290 -30.6400
-6.3210 70.6600 -9.4620 122.5290 -30.6400
-6.3210 71.1600 -9.4620 122.5290 -30.6400
-6.3210 71.6600 -9.4620 122.5290 -30.6400
-6.3210 72.1600 -9.4620 122.5290 -30.6400
-6.3210 72.6600 -9.4620 122.5290 -30.6400
-6.8372 72.6600 -9.1562 120.3594 -30.6400
-7.3534 72.6600 -8.8504 118.1898 -30.6400
-7.8697 72.6600 -8.5446 116.0203 -30.6400
-8.3859 72.6600 -8.2388 113.8507 -30.6400
-8.9021 72.6600 -7.9330 111.6811 -30.6400
-9.4183 72.6600 -7.6272 109.5115 -30.6400
-9.9345 72.6600 -7.3214 107.3419 -30.6400
-10.4508 72.6600 -7.0156 105.1724 -30.6400
-10.9670 72.6600 -6.7098 103.0028 -30.6400
-11.4832 72.6600 -6.4040 100.8332 -30.6400
-11.9994 72.6600 -6.0982 98.6636 -30.6400
-12.5156 72.6600 -5.7924 96.4940 -30.6400
-13.0319 72.6600 -5.4866 94.3245 -30.6400
-13.5481 72.6600 -5.1808 92.1549 -30.6400
-14.0643 72.6600 -4.8750 89.9853 -30.6400
-14.5805 72.6600 -4.5692 87.8157 -30.6400
-15.0967 72.6600 -4.2634 85.6461 -30.6400
-15.6130 72.6600 -3.9576 83.4766 -30.6400
-16.1292 72.6600 -3.6518 81.3070 -30.6400
-16.6454 72.6600 -3.3460 79.1374 -30.6400
-17.1616 72.6600 -3.0402 76.9678 -30.6400
-17.6778 72.6600 -2.7344 74.7982 -30.6400
-18.1941 72.6600 -2.4286 72.6287 -30.6400
-18.7103 72.6600 -2.1228 70.4591 -30.6400
-19.2265 72.6600 -1.8170 68.2895 -30.6400
-19.7427 72.6600 -1.5112 66.1199 -30.6400
-20.2589 72.6600 -1.2054 63.9503 -30.6400
-20.7752 72.6600 -0.8996 61.7808 -30.6400
-21.2914 72.6600 -0.5938 59.6112 -30.6400
-21.8076 72.6600 -0.2880 57.4416 -30.6400
-22.3238 72.6600 0.0178 55.2720 -30.6400
-22.8400 72.6600 0.3236 53.1024 -30.6400
-23.3563 72.6600 0.6294 50.9329 -30.6400
-23.8725 72.6600 0.9352 48.7633 -30.6400
-24.3887 72.6600 1.2410 46.5937 -30.6400
-24.9049 72.6600 1.5468 44.4241 -30.6400
-25.4211 72.6600 1.8526 42.2545 -30.6400
-25.9374 72.6600 2.1584 40.0850 -30.6400
-26.4536 72.6600 2.4642 37.9154 -30.6400
-26.9698 72.6600 2.7700 35.7458 -30.6400
-27.4860 72.6600 3.0758 33.5762 -30.6400
-28.0022 72.6600 3.3816 31.4066 -30.6400
-28.5185 72.6600 3.6874 29.2371 -30.6400
-29.0347 72.6600 3.9932 27.0675 -30.6400
-29.5509 72.6600 4.2990 24.8979 -30.6400
-30.0671 72.6600 4.6048 22.7283 -30.6400
-30.5833 72.6600 4.9106 20.5587 -30.6400
-31.0996 72.6600 5.2164 18.3892 -30.6400
-31.6158 72.6600 5.5222 16.2196 -30.6400
-32.1320 72.6600 5.8280 14.0500 -30.6400
-32.1320 72.1600 5.8280 14.0500 -30.6400
-32.1320 71.6600 5.8280 14.0500 -30.6400
-32.1320 71.1600 5.8280 14.0500 -30.6400
-32.1320 70.6600 5.8280 14.0500 -30.6400
-32.1320 70.1600 5.8280 14.0500 -30.6400
-32.1320 69.6600 5.8280 14.0500 -30.6400
-32.1320 69.1600 5.8280 14.0500 -30.6400
-32.1320 68.6600 5.8280 14.0500 -30.6400
-32.1320 68.1600 5.8280 14.0500 -30.6400
-32.1320 67.6600 5.8280 14.0500 -30.6400
-32.1320 67.1600 5.8280 14.0500 -30.6400
-32.1320 66.6600 5.8280 14.0500 -30.6400
-32.1320 66.1600 5.8280 14.0500 -30.6400
-32.1320 65.6600 5.8280 14.0500 -30.6400
-32.1320 65.1600 5.8280 14.0500 -30.6400
-32.1320 64.6600 5.8280 14.0500 -30.6400
-32.1320 64.1600 5.8280 14.0500 -30.6400
-32.1320 63.6600 5.8280 14.0500 -30.6400
-32.1320 63.1600 5.8280 14.0500 -30.6400
-32.1320 62.6600 5.8280 14.0500 -30.6400
-32.1320 62.1600 5.8280 14.0500 -30.6400
-32.1320 61.6600 5.8280 14.0500 -30.6400
-32.1320 61.1600 5.8280 14.0500 -30.6400
-32.1320 60.6600 5.8280 14.0500 -30.6400
-32.1320 60.1600 5.8280 14.0500 -30.6400
-32.1320 59.6600 5.8280 14.0500 -30.6400
-32.1320 59.1600 5.8280 14.0500 -30.6400
-32.1320 58.6600 5.8280 14.0500 -30.6400
-32.1320 58.1600 5.8280 14.0500 -30.6400
-32.1320 57.6600 5.8280 14.0500 -30.6400
-32.1320 57.1600 5.8280 14.0500 -30.6400
-32.1320 56.6600 5.8280 14.0500 -30.6400
-32.1320 56.1600 5.8280 14.0500 -30.6400
-32.1320 55.6600 5.8280 14.0500 -30.6400
-32.1320 55.1600 5.8280 14.0500 -30.6400
-32.1320 54.6600 5.8280 14.0500 -30.6400
-32.1320 54.1600 5.8280 14.0500 -30.6400
-32.1320 53.6600 5.8280 14.0500 -30.6400
-32.1320 53.1600 5.8280 14.0500 -30.6400
-32.1320 52.6600 5.8280 14.0500 -30.6400
-32.1320 52.1600 5.8280 14.0500 -30.6400
-32.1320 51.6600 5.8280 14.0500 -30.6400
-32.1320 51.1600 5.8280 14.0500 -30.6400
-32.1320 50.6600 5.8280 14.0500 -30.6400
-32.1320 50.1600 5.8280 14.0500 -30.6400
-32.1320 49.6600 5.8280 14.0500 -30.6400
-32.1320 49.1600 5.8280 14.0500 -30.6400
-32.1320 48.6600 5.8280 14.0500 -30.6400
-32.1320 48.1600 5.8280 14.0500 -30.6400
-32.1320 47.6600 5.8280 14.0500 -30.6400
-31.6158 47.6600 5.5222 18.0196 -30.6400
-31.0996 47.6600 5.2164 21.9892 -30.6400
-30.5833 47.6600 4.9106 25.9587 -30.6400
-30.0671 47.6600 4.6048 29.9283 -30.6400
-29.5509 47.6600 4.2990 33.8979 -30.6400
-29.0347 47.6600 3.9932 37.8675 -30.6400
-28.5185 47.6600 3.6874 41.8371 -30.6400
-28.0022 47.6600 3.3816 45.8066 -30.6400
-27.4860 47.6600 3.0758 49.7762 -30.6400
-26.9698 47.6600 2.7700 53.7458 -30.6400
-26.4536 47.6600 2.4642 57.7154 -30.6400
-25.9374 47.6600 2.1584 61.6850 -30.6400
-25.4211 47.6600 1.8526 65.6545 -30.6400
-24.9049 47.6600 1.5468 69.6241 -30.6400
-24.3887 47.6600 1.2410 73.5937 -30.6400
-23.8725 47.6600 0.9352 77.5633 -30.6400
-23.3563 47.6600 0.6294 81.5329 -30.6400
-22.8400 47.6600 0.3236 85.5024 -30.6400
-22.3238 47.6600 0.0178 89.4720 -30.6400
-21.8076 47.6600 -0.2880 93.4416 -30.6400
-21.2914 47.6600 -0.5938 97.4112 -30.6400
-20.7752 47.6600 -0.8996 101.3808 -30.6400
-20.2589 47.6600 -1.2054 105.3503 -30.6400
-19.7427 47.6600 -1.5112 109.3199 -30.6400
-19.2265 47.6600 -1.8170 113.2895 -30.6400
-18.7103 47.6600 -2.1228 117.2591 -30.6400
-18.1941 47.6600 -2.4286 121.2287 -30.6400
-17.6778 47.6600 -2.7344 125.1982 -30.6400
-17.1616 47.6600 -3.0402 129.1678 -30.6400
-16.6454 47.6600 -3.3460 133.1374 -30.6400
-16.1292 47.6600 -3.6518 137.1070 -30.6400
-15.6130 47.6600 -3.9576 141.0766 -30.6400
-15.0967 47.6600 -4.2634 145.0461 -30.6400
-14.5805 47.6600 -4.5692 149.0157 -30.6400
-14.0643 47.6600 -4.8750 152.9853 -30.6400
-13.5481 47.6600 -5.1808 156.9549 -30.6400
-13.0319 47.6600 -5.4866 160.9245 -30.6400
-12.5156 47.6600 -5.7924 164.8940 -30.6400
-11.9994 47.6600 -6.0982 168.8636 -30.6400
-11.4832 47.6600 -6.4040 172.8332 -30.6400
-10.9670 47.6600 -6.7098 176.8028 -30.6400
-10.4508 47.6600 -7.0156 180.7724 -30.6400
-9.9345 47.6600 -7.3214 184.7419 -30.6400
-9.4183 47.6600 -7.6272 188.7115 -30.6400
-8.9021 47.6600 -7.9330 192.6811 -30.6400
-8.3859 47.6600 -8.2388 196.6507 -30.6400
-7.8697 47.6600 -8.5446 200.6203 -30.6400
-7.3534 47.6600 -8.8504 204.5898 -30.6400
-6.8372 47.6600 -9.1562 208.5594 -30.6400
-6.3210 47.6600 -9.4620 212.5290 -30.6400
-6.3210 48.1600 -9.4620 212.5290 -30.6400
-6.3210 48.6600 -9.4620 212.5290 -30.6400
-6.3210 49.1600 -9.4620 212.5290 -30.6400
-6.3210 49.6600 -9.4620 212.5290 -30.6400
-6.3210 50.1600 -9.4620 212.5290 -30.6400
-6.3210 50.6600 -9.4620 212.5290 -30.6400
-6.3210 51.1600 -9.4620 212.5290 -30.6400
-6.3210 51.6600 -9.4620 212.5290 -30.6400
-6.3210 52.1600 -9.4620 212.5290 -30.6400
-6.3210 52.6600 -9.4620 212.5290 -30.6400
-6.3210 53.1600 -9.4620 212.5290 -30.6400
-6.3210 53.6600 -9.4620 212.5290 -30.6400
-6.3210 54.1600 -9.4620 212.5290 -30.6400
-6.3210 54.6600 -9.4620 212.5290 -30.6400
-6.3210 55.1600 -9.4620 212.5290 -30.6400
-6.3210 55.6600 -9.4620 212.5290 -30.6400
-6.3210 56.1600 -9.4620 212.5290 -30.6400
-6.3210 56.6600 -9.4620 212.5290 -30.6400
-6.3210 57.1600 -9.4620 212.5290 -30.6400
-6.3210 57.6600 -9.4620 212.5290 -30.6400
-6.3210 58.1600 -9.4620 212.5290 -30.6400
-6.3210 58.6600 -9.4620 212.5290 -30.6400
-6.3210 59.1600 -9.4620 212.5290 -30.6400
-6.3210 59.6600 -9.4620 212.5290 -30.6400
-6.3210 60.1600 -9.4620 212.5290 -30.6400
-6.3210 60.6600 -9.4620 212.5290 -30.6400
-6.3210 61.1600 -9.4620 212.5290 -30.6400
-6.3210 61.6600 -9.4620 212.5290 -30.6400
-6.3210 62.1600 -9.4620 212.5290 -30.6400
-6.3210 62.6600 -9.4620 212.5290 -30.6400
-6.3210 63.1600 -9.4620 212.5290 -30.6400
-6.3210 63.6600 -9.4620 212.5290 -30.6400
-6.3210 64.1600 -9.4620 212.5290 -30.6400
-6.3210 64.6600 -9.4620 212.5290 -30.6400
-6.3210 65.1600 -9.4620 212.5290 -30.6400
-6.3210 65.6600 -9.4620 212.5290 -30.6400
-6.3210 66.1600 -9.4620 212.5290 -30.6400
-6.3210 66.6600 -9.4620 212.5290 -30.6400
-6.3210 67.1600 -9.4620 212.5290 -30.6400
-6.3210 67.6600 -9.4620 212.5290 -30.6400
-6.3210 68.1600 -9.4620 212.5290 -30.6400
-6.3210 68.6600 -9.4620 212.5290 -30.6400
-6.3210 69.1600 -9.4620 212.5290 -30.6400
-6.3210 69.6600 -9.4620 212.5290 -30.6400
-6.3210 70.1600 -9.4620 212.5290 -30.6400
-6.3210 70.6600 -9.4620 212.5290 -30.6400
-6.3210 71.1600 -9.4620 212.5290 -30.6400
-6.3210 71.6600 -9.4620 212.5290 -30.6400
-6.3210 72.1600 -9.4620 212.5290 -30.6400
-6.3210 72.6600 -9.4620 212.5290 -30.6400
-6.8372 72.6600 -9.1562 210.3594 -30.6400
-7.3534 72.6600 -8.8504 208.1898 -30.6400
-7.8697 72.6600 -8.5446 206.0203 -30.6400
-8.3859 72.6600 -8.2388 203.8507 -30.6400
-8.9021 72.6600 -7.9330 201.6811 -30.6400
-9.4183 72.6600 -7.6272 199.5115 -30.6400
-9.9345 72.6600 -7.3214 197.3419 -30.6400
-10.4508 72.6600 -7.0156 195.1724 -30.6400
-10.9670 72.6600 -6.7098 193.0028 -30.6400
-11.4832 72.6600 -6.4040 190.8332 -30.6400
-11.9994 72.6600 -6.0982 188.6636 -30.6400
-12.5156 72.6600 -5.7924 186.4940 -30.6400
-13.0319 72.6600 -5.4866 184.3245 -30.6400
-13.5481 72.6600 -5.1808 182.1549 -30.6400
-14.0643 72.6600 -4.8750 179.9853 -30.6400
-14.5805 72.6600 -4.5692 177.8157 -30.6400
-15.0967 72.6600 -4.2634 175.6461 -30.6400
-15.6130 72.6600 -3.9576 173.4766 -30.6400
-16.1292 72.6600 -3.6518 171.3070 -30.6400
-16.6454 72.6600 -3.3460 169.1374 -30.6400
-17.1616 72.6600 -3.0402 166.9678 -30.6400
-17.6778 72.6600 -2.7344 164.7982 -30.6400
-18.1941 72.6600 -2.4286 162.6287 -30.6400
-18.7103 72.6600 -2.1228 160.4591 -30.6400
-19.2265 72.6600 -1.8170 158.2895 -30.6400
-19.7427 72.6600 -1.5112 156.1199 -30.6400
-20.2589 72.6600 -1.2054 153.9503 -30.6400
-20.7752 72.6600 -0.8996 151.7808 -30.6400
-21.2914 72.6600 -0.5938 149.6112 -30.6400
-21.8076 72.6600 -0.2880 147.4416 -30.6400
-22.3238 72.6600 0.0178 145.2720 -30.6400
-22.8400 72.6600 0.3236 143.1024 -30.6400
-23.3563 72.6600 0.6294 140.9329 -30.6400
-23.8725 72.6600 0.9352 138.7633 -30.6400
-24.3887 72.6600 1.2410 136.5937 -30.6400
-24.9049 72.6600 1.5468 134.4241 -30.6400
-25.4211 72.6600 1.8526 132.2545 -30.6400
-25.9374 72.6600 2.1584 130.0850 -30.6400
-26.4536 72.6600 2.4642 127.9154 -30.6400
-26.9698 72.6600 2.7700 125.7458 -30.6400
-27.4860 72.6600 3.0758 123.5762 -30.6400
-28.0022 72.6600 3.3816 121.4066 -30.6400
-28.5185 72.6600 3.6874 119.2371 -30.6400
-29.0347 72.6600 3.9932 117.0675 -30.6400
-29.5509 72.6600 4.2990 114.8979 -30.6400
-30.0671 72.6600 4.6048 112.7283 -30.6400
-30.5833 72.6600 4.9106 110.5587 -30.6400
-31.0996 72.6600 5.2164 108.3892 -30.6400
-31.6158 72.6600 5.5222 106.2196 -30.6400
-32.1320 72.6600 5.8280 104.0500 -30.6400
-32.1320 72.1600 5.8280 104.0500 -30.6400
-32.1320 71.6600 5.8280 104.0500 -30.6400
-32.1320 71.1600 5.8280 104.0500 -30.6400
-32.1320 70.6600 5.8280 104.0500 -30.6400
-32.1320 70.1600 5.8280 104.0500 -30.6400
-32.1320 69.6600 5.8280 104.0500 -30.6400
-32.1320 69.1600 5.8280 104.0500 -30.6400
-32.1320 68.6600 5.8280 104.0500 -30.6400
-32.1320 68.1600 5.8280 104.0500 -30.6400
-32.1320 67.6600 5.8280 104.0500 -30.6400
-32.1320 67.1600 5.8280 104.0500 -30.6400
-32.1320 66.6600 5.8280 104.0500 -30.6400
-32.1320 66.1600 5.8280 104.0500 -30.6400
-32.1320 65.6600 5.8280 104.0500 -30.6400
-32.1320 65.1600 5.8280 104.0500 -30.6400
-32.1320 64.6600 5.8280 104.0500 -30.6400
-32.1320 64.1600 5.8280 104.0500 -30.6400
-32.1320 63.6600 5.8280 104.0500 -30.6400
-32.1320 63.1600 5.8280 104.0500 -30.6400
-32.1320 62.6600 5.8280 104.0500 -30.6400
-32.1320 62.1600 5.8280 104.0500 -30.6400
-32.1320 61.6600 5.8280 104.0500 -30.6400
-32.1320 61.1600 5.8280 104.0500 -30.6400
-32.1320 60.6600 5.8280 104.0500 -30.6400
-32.1320 60.1600 5.8280 104.0500 -30.6400
-32.1320 59.6600 5.8280 104.0500 -30.6400
-32.1320 59.1600 5.8280 104.0500 -30.6400
-32.1320 58.6600 5.8280 104.0500 -30.6400
-32.1320 58.1600 5.8280 104.0500 -30.6400
-32.1320 57.6600 5.8280 104.0500 -30.6400
-32.1320 57.1600 5.8280 104.0500 -30.6400
-32.1320 56.6600 5.8280 104.0500 -30.6400
-32.1320 56.1600 5.8280 104.0500 -30.6400
-32.1320 55.6600 5.8280 104.0500 -30.6400
-32.1320 55.1600 5.8280 104.0500 -30.6400
-32.1320 54.6600 5.8280 104.0500 -30.6400
-32.1320 54.1600 5.8280 104.0500 -30.6400
-32.1320 53.6600 5.8280 104.0500 -30.6400
-32.1320 53.1600 5.8280 104.0500 -30.6400
-32.1320 52.6600 5.8280 104.0500 -30.6400
-32.1320 52.1600 5.8280 104.0500 -30.6400
-32.1320 51.6600 5.8280 104.0500 -30.6400
-32.1320 51.1600 5.8280 104.0500 -30.6400
-32.1320 50.6600 5.8280 104.0500 -30.6400
-32.1320 50.1600 5.8280 104.0500 -30.6400
-32.1320 49.6600 5.8280 104.0500 -30.6400
-32.1320 49.1600 5.8280 104.0500 -30.6400
-32.1320 48.6600 5.8280 104.0500 -30.6400
-32.1320 48.1600 5.8280 104.0500 -30.6400
-32.1320 47.6600 5.8280 104.0500 -30.6400
-31.6158 47.6600 5.5222 108.0196 -30.6400
-31.0996 47.6600 5.2164 111.9892 -30.6400
-30.5833 47.6600 4.9106 115.9587 -30.6400
-30.0671 47.6600 4.6048 119.9283 -30.6400
-29.5509 47.6600 4.2990 123.8979 -30.6400
-29.0347 47.6600 3.9932 127.8675 -30.6400
-28.5185 47.6600 3.6874 131.8371 -30.6400
-28.0022 47.6600 3.3816 135.8066 -30.6400
-27.4860 47.6600 3.0758 139.7762 -30.6400
-26.9698 47.6600 2.7700 143.7458 -30.6400
-26.4536 47.6600 2.4642 147.7154 -30.6400
-25.9374 47.6600 2.1584 151.6850 -30.6400
-25.4211 47.6600 1.8526 155.6545 -30.6400
-24.9049 47.6600 1.5468 159.6241 -30.6400
-24.3887 47.6600 1.2410 163.5937 -30.6400
-23.8725 47.6600 0.9352 167.5633 -30.6400
-23.3563 47.6600 0.6294 171.5329 -30.6400
-22.8400 47.6600 0.3236 175.5024 -30.6400
-22.3238 47.6600 0.0178 179.4720 -30.6400
-21.8076 47.6600 -0.2880 183.4416 -30.6400
-21.2914 47.6600 -0.5938 187.4112 -30.6400
-20.7752 47.6600 -0.8996 191.3808 -30.6400
-20.2589 47.6600 -1.2054 195.3503 -30.6400
-19.7427 47.6600 -1.5112 199.3199 -30.6400
-19.2265 47.6600 -1.8170 203.2895 -30.6400
-18.7103 47.6600 -2.1228 207.2591 -30.6400
-18.1941 47.6600 -2.4286 211.2287 -30.6400
-17.6778 47.6600 -2.7344 215.1982 -30.6400
-17.1616 47.6600 -3.0402 219.1678 -30.6400
-16.6454 47.6600 -3.3460 223.1374 -30.6400
-16.1292 47.6600 -3.6518 227.1070 -30.6400
-15.6130 47.6600 -3.9576 231.0766 -30.6400
-15.0967 47.6600 -4.2634 235.0461 -30.6400
-14.5805 47.6600 -4.5692 239.0157 -30.6400
-14.0643 47.6600 -4.8750 242.9853 -30.6400
-13.5481 47.6600 -5.1808 246.9549 -30.6400
-13.0319 47.6600 -5.4866 250.9245 -30.6400
-12.5156 47.6600 -5.7924 254.8940 -30.6400
-11.9994 47.6600 -6.0982 258.8636 -30.6400
-11.4832 47.6600 -6.4040 262.8332 -30.6400
-10.9670 47.6600 -6.7098 266.8028 -30.6400
-10.4508 47.6600 -7.0156 270.7724 -30.6400
-9.9345 47.6600 -7.3214 274.7419 -30.6400
-9.4183 47.6600 -7.6272 278.7115 -30.6400
-8.9021 47.6600 -7.9330 282.6811 -30.6400
-8.3859 47.6600 -8.2388 286.6507 -30.6400
-7.8697 47.6600 -8.5446 290.6203 -30.6400
-7.3534 47.6600 -8.8504 294.5898 -30.6400
-6.8372 47.6600 -9.1562 298.5594 -30.6400
-6.3210 47.6600 -9.4620 302.5290 -30.6400
-6.3210 48.1600 -9.4620 302.5290 -30.6400
-6.3210 48.6600 -9.4620 302.5290 -30.6400
-6.3210 49.1600 -9.4620 302.5290 -30.6400
-6.3210 49.6600 -9.4620 302.5290 -30.6400
-6.3210 50.1600 -9.4620 302.5290 -30.6400
-6.3210 50.6600 -9.4620 302.5290 -30.6400
-6.3210 51.1600 -9.4620 302.5290 -30.6400
-6.3210 51.6600 -9.4620 302.5290 -30.6400
-6.3210 52.1600 -9.4620 302.5290 -30.6400
-6.3210 52.6600 -9.4620 302.5290 -30.6400
-6.3210 53.1600 -9.4620 302.5290 -30.6400
-6.3210 53.6600 -9.4620 302.5290 -30.6400
-6.3210 54.1600 -9.4620 302.5290 -30.6400
-6.3210 54.6600 -9.4620 302.5290 -30.6400
-6.3210 55.1600 -9.4620 302.5290 -30.6400
-6.3210 55.6600 -9.4620 302.5290 -30.6400
-6.3210 56.1600 -9.4620 302.5290 -30.6400
-6.3210 56.6600 -9.4620 302.5290 -30.6400
-6.3210 57.1600 -9.4620 302.5290 -30.6400
-6.3210 57.6600 -9.4620 302.5290 -30.6400
-6.3210 58.1600 -9.4620 302.5290 -30.6400
-6.3210 58.6600 -9.4620 302.5290 -30.6400
-6.3210 59.1600 -9.4620 302.5290 -30.6400
-6.3210 59.6600 -9.4620 302.5290 -30.6400
-6.3210 60.1600 -9.4620 302.5290 -30.6400
-6.3210 60.6600 -9.4620 302.5290 -30.6400
-6.3210 61.1600 -9.4620 302.5290 -30.6400
-6.3210 61.6600 -9.4620 302.5290 -30.6400
-6.3210 62.1600 -9.4620 302.5290 -30.6400
-6.3210 62.6600 -9.4620 302.5290 -30.6400
-6.3210 63.1600 -9.4620 302.5290 -30.6400
-6.3210 63.6600 -9.4620 302.5290 -30.6400
-6.3210 64.1600 -9.4620 302.5290 -30.6400
-6.3210 64.6600 -9.4620 302.5290 -30.6400
-6.3210 65.1600 -9.4620 302.5290 -30.6400
-6.3210 65.6600 -9.4620 302.5290 -30.6400
-6.3210 66.1600 -9.4620 302.5290 -30.6400
-6.3210 66.6600 -9.4620 302.5290 -30.6400
-6.3210 67.1600 -9.4620 302.5290 -30.6400
-6.3210 67.6600 -9.4620 302.5290 -30.6400
-6.3210 68.1600 -9.4620 302.5290 -30.6400
-6.3210 68.6600 -9.4620 302.5290 -30.6400
-6.3210 69.1600 -9.4620 302.5290 -30.6400
-6.3210 69.6600 -9.4620 302.5290 -30.6400
-6.3210 70.1600 -9.4620 302.5290 -30.6400
-6.3210 70.6600 -9.4620 302.5290 -30.6400
-6.3210 71.1600 -9.4620 302.5290 -30.6400
-6.3210 71.6600 -9.4620 302.5290 -30.6400
-6.3210 72.1600 -9.4620 302.5290 -30.6400
-6.3210 72.6600 -9.4620 302.5290 -30.6400
-6.8372 72.6600 -9.1562 300.3594 -30.6400
-7.3534 72.6600 -8.8504 298.1898 -30.6400
-7.8697 72.6600 -8.5446 296.0203 -30.6400
-8.3859 72.6600 -8.2388 293.8507 -30.6400
-8.9021 72.6600 -7.9330 291.6811 -30.6400
-9.4183 72.6600 -7.6272 289.5115 -30.6400
-9.9345 72.6600 -7.3214 287.3419 -30.6400
-10.4508 72.6600 -7.0156 285.1724 -30.6400
-10.9670 72.6600 -6.7098 283.0028 -30.6400
-11.4832 72.6600 -6.4040 280.8332 -30.6400
-11.9994 72.6600 -6.0982 278.6636 -30.6400
-12.5156 72.6600 -5.7924 276.4940 -30.6400
-13.0319 72.6600 -5.4866 274.3245 -30.6400
-13.5481 72.6600 -5.1808 272.1549 -30.6400
-14.0643 72.6600 -4.8750 269.9853 -30.6400
-14.5805 72.6600 -4.5692 267.8157 -30.6400
-15.0967 72.6600 -4.2634 265.6461 -30.6400
-15.6130 72.6600 -3.9576 263.4766 -30.6400
-16.1292 72.6600 -3.6518 261.3070 -30.6400
-16.6454 72.6600 -3.3460 259.1374 -30.6400
-17.1616 72.6600 -3.0402 256.9678 -30.6400
-17.6778 72.6600 -2.7344 254.7982 -30.6400
-18.1941 72.6600 -2.4286 252.6287 -30.6400
-18.7103 72.6600 -2.1228 250.4591 -30.6400
-19.2265 72.6600 -1.8170 248.2895 -30.6400
-19.7427 72.6600 -1.5112 246.1199 -30.6400
-20.2589 72.6600 -1.2054 243.9503 -30.6400
-20.7752 72.6600 -0.8996 241.7808 -30.6400
-21.2914 72.6600 -0.5938 239.6112 -30.6400
-21.8076 72.6600 -0.2880 237.4416 -30.6400
-22.3238 72.6600 0.0178 235.2720 -30.6400
-22.8400 72.6600 0.3236 233.1024 -30.6400
-23.3563 72.6600 0.6294 230.9329 -30.6400
-23.8725 72.6600 0.9352 228.7633 -30.6400
-24.3887 72.6600 1.2410 226.5937 -30.6400
-24.9049 72.6600 1.5468 224.4241 -30.6400
-25.4211 72.6600 1.8526 222.2545 -30.6400
-25.9374 72.6600 2.1584 220.0850 -30.6400
-26.4536 72.6600 2.4642 217.9154 -30.6400
-26.9698 72.6600 2.7700 215.7458 -30.6400
-27.4860 72.6600 3.0758 213.5762 -30.6400
-28.0022 72.6600 3.3816 211.4066 -30.6400
-28.5185 72.6600 3.6874 209.2371 -30.6400
-29.0347 72.6600 3.9932 207.0675 -30.6400
-29.5509 72.6600 4.2990 204.8979 -30.6400
-30.0671 72.6600 4.6048 202.7283 -30.6400
-30.5833 72.6600 4.9106 200.5587 -30.6400
-31.0996 72.6600 5.2164 198.3892 -30.6400
-31.6158 72.6600 5.5222 196.2196 -30.6400
-32.1320 72.6600 5.8280 194.0500 -30.6400
-32.1320 72.1600 5.8280 194.0500 -30.6400
-32.1320 71.6600 5.8280 194.0500 -30.6400
-32.1320 71.1600 5.8280 194.0500 -30.6400
-32.1320 70.6600 5.8280 194.0500 -30.6400
-32.1320 70.1600 5.8280 194.0500 -30.6400
-32.1320 69.6600 5.8280 194.0500 -30.6400
-32.1320 69.1600 5.8280 194.0500 -30.6400
-32.1320 68.6600 5.8280 194.0500 -30.6400
-32.1320 68.1600 5.8280 194.0500 -30.6400
-32.1320 67.6600 5.8280 194.0500 -30.6400
-32.1320 67.1600 5.8280 194.0500 -30.6400
-32.1320 66.6600 5.8280 194.0500 -30.6400
-32.1320 66.1600 5.8280 194.0500 -30.6400
-32.1320 65.6600 5.8280 194.0500 -30.6400
-32.1320 65.1600 5.8280 194.0500 -30.6400
-32.1320 64.6600 5.8280 194.0500 -30.6400
-32.1320 64.1600 5.8280 194.0500 -30.6400
-32.1320 63.6600 5.8280 194.0500 -30.6400
-32.1320 63.1600 5.8280 194.0500 -30.6400
-32.1320 62.6600 5.8280 194.0500 -30.6400
-32.1320 62.1600 5.8280 194.0500 -30.6400
-32.1320 61.6600 5.8280 194.0500 -30.6400
-32.1320 61.1600 5.8280 194.0500 -30.6400
-32.1320 60.6600 5.8280 194.0500 -30.6400
-32.1320 60.1600 5.8280 194.0500 -30.6400
-32.1320 59.6600 5.8280 194.0500 -30.6400
-32.1320 59.1600 5.8280 194.0500 -30.6400
-32.1320 58.6600 5.8280 194.0500 -30.6400
-32.1320 58.1600 5.8280 194.0500 -30.6400
-32.1320 57.6600 5.8280 194.0500 -30.6400
-32.1320 57.1600 5.8280 194.0500 -30.6400
-32.1320 56.6600 5.8280 194.0500 -30.6400
-32.1320 56.1600 5.8280 194.0500 -30.6400
-32.1320 55.6600 5.8280 194.0500 -30.6400
-32.1320 55.1600 5.8280 194.0500 -30.6400
-32.1320 54.6600 5.8280 194.0500 -30.6400
-32.1320 54.1600 5.8280 194.0500 -30.6400
-32.1320 53.6600 5.8280 194.0500 -30.6400
-32.1320 53.1600 5.8280 194.0500 -30.6400
-32.1320 52.6600 5.8280 194.0500 -30.6400
-32.1320 52.1600 5.8280 194.0500 -30.6400
-32.1320 51.6600 5.8280 194.0500 -30.6400
-32.1320 51.1600 5.8280 194.0500 -30.6400
-32.1320 50.6600 5.8280 194.0500 -30.6400
-32.1320 50.1600 5.8280 194.0500 -30.6400
-32.1320 49.6600 5.8280 194.0500 -30.6400
-32.1320 49.1600 5.8280 194.0500 -30.6400
-32.1320 48.6600 5.8280 194.0500 -30.6400
-32.1320 48.1600 5.8280 194.0500 -30.6400
-32.1320 47.6600 5.8280 194.0500 -30.6400
-31.6158 47.6600 5.5222 198.0196 -30.6400
-31.0996 47.6600 5.2164 201.9892 -30.6400
-30.5833 47.6600 4.9106 205.9587 -30.6400
-30.0671 47.6600 4.6048 209.9283 -30.6400
-29.5509 47.6600 4.2990 213.8979 -30.6400
-29.0347 47.6600 3.9932 217.8675 -30.6400
-28.5185 47.6600 3.6874 221.8371 -30.6400
-28.0022 47.6600 3.3816 225.8066 -30.6400
-27.4860 47.6600 3.0758 229.7762 -30.6400
-26.9698 47.6600 2.7700 233.7458 -30.6400
-26.4536 47.6600 2.4642 237.7154 -30.6400
-25.9374 47.6600 2.1584 241.6850 -30.6400
-25.4211 47.6600 1.8526 245.6545 -30.6400
-24.9049 47.6600 1.5468 249.6241 -30.6400
-24.3887 47.6600 1.2410 253.5937 -30.6400
-23.8725 47.6600 0.9352 257.5633 -30.6400
-23.3563 47.6600 0.6294 261.5329 -30.6400
-22.8400 47.6600 0.3236 265.5024 -30.6400
-22.3238 47.6600 0.0178 269.4720 -30.6400
-21.8076 47.6600 -0.2880 273.4416 -30.6400
-21.2914 47.6600 -0.5938 277.4112 -30.6400
-20.7752 47.6600 -0.8996 281.3808 -30.6400
-20.2589 47.6600 -1.2054 285.3503 -30.6400
-19.7427 47.6600 -1.5112 289.3199 -30.6400
-19.2265 47.6600 -1.8170 293.2895 -30.6400
-18.7103 47.6600 -2.1228 297.2591 -30.6400
-18.1941 47.6600 -2.4286 301.2287 -30.6400
-17.6778 47.6600 -2.7344 305.1982 -30.6400
-17.1616 47.6600 -3.0402 309.1678 -30.6400
-16.6454 47.6600 -3.3460 313.1374 -30.6400
-16.1292 47.6600 -3.6518 317.1070 -30.6400
-15.6130 47.6600 -3.9576 321.0766 -30.6400
-15.0967 47.6600 -4.2634 325.0461 -30.6400
-14.5805 47.6600 -4.5692 329.0157 -30.6400
-14.0643 47.6600 -4.8750 332.9853 -30.6400
-13.5481 47.6600 -5.1808 336.9549 -30.6400
-13.0319 47.6600 -5.4866 340.9245 -30.6400
-12.5156 47.6600 -5.7924 344.8940 -30.6400
-11.9994 47.6600 -6.0982 348.8636 -30.6400
-11.4832 47.6600 -6.4040 352.8332 -30.6400
-10.9670 47.6600 -6.7098 356.8028 -30.6400
-10.4508 47.6600 -7.0156 360.7724 -30.6400
-9.9345 47.6600 -7.3214 364.7419 -30.6400
-9.4183 47.6600 -7.6272 368.7115 -30.6400
-8.9021 47.6600 -7.9330 372.6811 -30.6400
-8.3859 47.6600 -8.2388 376.6507 -30.6400
-7.8697 47.6600 -8.5446 380.6203 -30.6400
-7.3534 47.6600 -8.8504 384.5898 -30.6400
-6.8372 47.6600 -9.1562 388.5594 -30.6400
-6.3210 47.6600 -9.4620 392.5290 -30.6400
-6.3210 48.1600 -9.4620 392.5290 -30.6400
-6.3210 48.6600 -9.4620 392.5290 -30.6400
-6.3210 49.1600 -9.4620 392.5290 -30.6400
-6.3210 49.6600 -9.4620 392.5290 -30.6400
-6.3210 50.1600 -9.4620 392.5290 -30.6400
-6.3210 50.6600 -9.4620 392.5290 -30.6400
-6.3210 51.1600 -9.4620 392.5290 -30.6400
-6.3210 51.6600 -9.4620 392.5290 -30.6400
-6.3210 52.1600 -9.4620 392.5290 -30.6400
-6.3210 52.6600 -9.4620 392.5290 -30.6400
-6.3210 53.1600 -9.4620 392.5290 -30.6400
-6.3210 53.6600 -9.4620 392.5290 -30.6400
-6.3210 54.1600 -9.4620 392.5290 -30.6400
-6.3210 54.6600 -9.4620 392.5290 -30.6400
-6.3210 55.1600 -9.4620 392.5290 -30.6400
-6.3210 55.6600 -9.4620 392.5290 -30.6400
-6.3210 56.1600 -9.4620 392.5290 -30.6400
-6.3210 56.6600 -9.4620 392.5290 -30.6400
-6.3210 57.1600 -9.4620 392.5290 -30.6400
-6.3210 57.6600 -9.4620 392.5290 -30.6400
-6.3210 58.1600 -9.4620 392.5290 -30.6400
-6.3210 58.6600 -9.4620 392.5290 -30.6400
-6.3210 59.1600 -9.4620 392.5290 -30.6400
-6.3210 59.6600 -9.4620 392.5290 -30.6400
-6.3210 60.1600 -9.4620 392.5290 -30.6400
-6.3210 60.6600 -9.4620 392.5290 -30.6400
-6.3210 61.1600 -9.4620 392.5290 -30.6400
-6.3210 61.6600 -9.4620 392.5290 -30.6400
-6.3210 62.1600 -9.4620 392.5290 -30.6400
-6.3210 62.6600 -9.4620 392.5290 -30.6400
-6.3210 63.1600 -9.4620 392.5290 -30.6400
-6.3210 63.6600 -9.4620 392.5290 -30.6400
-6.3210 64.1600 -9.4620 392.5290 -30.6400
-6.3210 64.6600 -9.4620 392.5290 -30.6400
-6.3210 65.1600 -9.4620 392.5290 -30.6400
-6.3210 65.6600 -9.4620 392.5290 -30.6400
-6.3210 66.1600 -9.4620 392.5290 -30.6400
-6.3210 66.6600 -9.4620 392.5290 -30.6400
-6.3210 67.1600 -9.4620 392.5290 -30.6400
-6.3210 67.6600 -9.4620 392.5290 -30.6400
-6.3210 68.1600 -9.4620 392.5290 -30.6400
-6.3210 68.6600 -9.4620 392.5290 -30.6400
-6.3210 69.1600 -9.4620 392.5290 -30.6400
-6.3210 69.6600 -9.4620 392.5290 -30.6400
-6.3210 70.1600 -9.4620 392.5290 -30.6400
-6.3210 70.6600 -9.4620 392.5290 -30.6400
-6.3210 71.1600 -9.4620 392.5290 -30.6400
-6.3210 71.6600 -9.4620 392.5290 -30.6400
-6.3210 72.1600 -9.4620 392.5290 -30.6400
