-0.7436 -1.4457 3.2919 1.0000 1.0000
-0.7479 -1.3869 3.2802 1.0000 1.0000
-0.7523 -1.3282 3.2680 1.0000 1.0000
-0.7569 -1.2697 3.2555 1.0000 1.0000
-0.7616 -1.2112 3.2426 1.0000 1.0000
-0.7664 -1.1527 3.2294 1.0000 1.0000
-0.7714 -1.0944 3.2157 1.0000 1.0000
-0.7765 -1.0362 3.2017 1.0000 1.0000
-0.7817 -0.9781 3.1873 1.0000 1.0000
-0.7871 -0.9201 3.1726 1.0000 1.0000
-0.7926 -0.8622 3.1575 1.0000 1.0000
-0.7982 -0.8045 3.1420 1.0000 1.0000
-0.8040 -0.7468 3.1261 1.0000 1.0000
-0.8099 -0.6893 3.1098 1.0000 1.0000
-0.8159 -0.6318 3.0932 1.0000 1.0000
-0.8221 -0.5745 3.0763 1.0000 1.0000
-0.8284 -0.5173 3.0589 1.0000 1.0000
-0.8349 -0.4603 3.0412 1.0000 1.0000
-0.8415 -0.4034 3.0231 1.0000 1.0000
-0.8482 -0.3466 3.0047 1.0000 1.0000
-0.8550 -0.2899 2.9859 1.0000 1.0000
-0.8620 -0.2334 2.9667 1.0000 1.0000
-0.8691 -0.1770 2.9472 1.0000 1.0000
-0.8763 -0.1208 2.9273 1.0000 1.0000
-0.8837 -0.0647 2.9071 1.0000 1.0000
-0.8912 -0.0088 2.8865 1.0000 1.0000
-0.8988 0.0470 2.8655 1.0000 1.0000
-0.9066 0.1027 2.8442 1.0000 1.0000
-0.9145 0.1581 2.8225 1.0000 1.0000
-0.9225 0.2135 2.8004 1.0000 1.0000
-0.9307 0.2686 2.7781 1.0000 1.0000
-0.9389 0.3236 2.7553 1.0000 1.0000
-0.9473 0.3784 2.7322 1.0000 1.0000
-0.9559 0.4331 2.7088 1.0000 1.0000
-0.9645 0.4876 2.6850 1.0000 1.0000
-0.9733 0.5419 2.6608 1.0000 1.0000
-0.9822 0.5960 2.6363 1.0000 1.0000
-0.9913 0.6500 2.6115 1.0000 1.0000
-1.0005 0.7038 2.5863 1.0000 1.0000
-1.0097 0.7574 2.5608 1.0000 1.0000
-1.0192 0.8108 2.5349 1.0000 1.0000
-1.0287 0.8640 2.5087 1.0000 1.0000
-1.0384 0.9170 2.4821 1.0000 1.0000
-1.0482 0.9699 2.4552 1.0000 1.0000
-1.0581 1.0225 2.4280 1.0000 1.0000
-1.0681 1.0749 2.4004 1.0000 1.0000
-1.0783 1.1272 2.3725 1.0000 1.0000
-1.0885 1.1792 2.3443 1.0000 1.0000
-1.0989 1.2310 2.3157 1.0000 1.0000
-1.1095 1.2826 2.2868 1.0000 1.0000
-1.1201 1.3340 2.2576 1.0000 1.0000
-1.1309 1.3852 2.2280 1.0000 1.0000
-1.1417 1.4362 2.1981 1.0000 1.0000
-1.1527 1.4869 2.1679 1.0000 1.0000
-1.1639 1.5375 2.1373 1.0000 1.0000
-1.1751 1.5878 2.1065 1.0000 1.0000
-1.1864 1.6379 2.0753 1.0000 1.0000
-1.1979 1.6877 2.0438 1.0000 1.0000
-1.2095 1.7374 2.0120 1.0000 1.0000
-1.2212 1.7868 1.9798 1.0000 1.0000
-1.2330 1.8359 1.9473 1.0000 1.0000
-1.2449 1.8849 1.9146 1.0000 1.0000
-1.2570 1.9335 1.8815 1.0000 1.0000
-1.2691 1.9820 1.8481 1.0000 1.0000
-1.2814 2.0302 1.8144 1.0000 1.0000
-1.2938 2.0781 1.7803 1.0000 1.0000
-1.3063 2.1258 1.7460 1.0000 1.0000
-1.3189 2.1733 1.7114 1.0000 1.0000
-1.3316 2.2205 1.6765 1.0000 1.0000
-1.3444 2.2675 1.6412 1.0000 1.0000
-1.3574 2.3141 1.6057 1.0000 1.0000
-1.3704 2.3606 1.5698 1.0000 1.0000
-1.3836 2.4067 1.5337 1.0000 1.0000
-1.3968 2.4527 1.4973 1.0000 1.0000
-1.4102 2.4983 1.4606 1.0000 1.0000
-1.4237 2.5437 1.4235 1.0000 1.0000
-1.4372 2.5888 1.3862 1.0000 1.0000
-1.4509 2.6336 1.3487 1.0000 1.0000
-1.4647 2.6782 1.3108 1.0000 1.0000
-1.4786 2.7224 1.2726 1.0000 1.0000
-1.4926 2.7665 1.2342 1.0000 1.0000
-1.5067 2.8102 1.1954 1.0000 1.0000
-1.5209 2.8536 1.1564 1.0000 1.0000
-1.5352 2.8968 1.1171 1.0000 1.0000
-1.5496 2.9396 1.0776 1.0000 1.0000
-1.5641 2.9822 1.0377 1.0000 1.0000
-1.5787 3.0245 0.9976 1.0000 1.0000
-1.5934 3.0665 0.9573 1.0000 1.0000
-1.6082 3.1082 0.9166 1.0000 1.0000
-1.6231 3.1496 0.8757 1.0000 1.0000
-1.6381 3.1907 0.8345 1.0000 1.0000
-1.6531 3.2316 0.7931 1.0000 1.0000
-1.6683 3.2721 0.7514 1.0000 1.0000
-1.6836 3.3123 0.7094 1.0000 1.0000
-1.6989 3.3522 0.6672 1.0000 1.0000
-1.7144 3.3918 0.6247 1.0000 1.0000
-1.7300 3.4310 0.5820 1.0000 1.0000
-1.7456 3.4700 0.5390 1.0000 1.0000
-1.7613 3.5087 0.4958 1.0000 1.0000
-1.7772 3.5470 0.4523 1.0000 1.0000
-1.7931 3.5850 0.4086 1.0000 1.0000
-1.8091 3.6227 0.3647 1.0000 1.0000
-1.8252 3.6601 0.3205 1.0000 1.0000
-1.8413 3.6972 0.2760 1.0000 1.0000
-1.8576 3.7339 0.2314 1.0000 1.0000
-1.8739 3.7704 0.1864 1.0000 1.0000
-1.8904 3.8065 0.1413 1.0000 1.0000
-1.9069 3.8422 0.0959 1.0000 1.0000
-1.9235 3.8776 0.0503 1.0000 1.0000
-1.9402 3.9127 0.0045 1.0000 1.0000
-1.9569 3.9475 -0.0416 1.0000 1.0000
-1.9738 3.9819 -0.0878 1.0000 1.0000
-1.9907 4.0160 -0.1343 1.0000 1.0000
-2.0077 4.0498 -0.1810 1.0000 1.0000
-2.0248 4.0832 -0.2280 1.0000 1.0000
-2.0419 4.1163 -0.2751 1.0000 1.0000
-2.0592 4.1490 -0.3224 1.0000 1.0000
-2.0765 4.1814 -0.3700 1.0000 1.0000
-2.0938 4.2134 -0.4178 1.0000 1.0000
-2.1113 4.2451 -0.4657 1.0000 1.0000
-2.1288 4.2765 -0.5139 1.0000 1.0000
-2.1464 4.3075 -0.5623 1.0000 1.0000
-2.1641 4.3381 -0.6109 1.0000 1.0000
-2.1819 4.3684 -0.6596 1.0000 1.0000
-2.1997 4.3983 -0.7086 1.0000 1.0000
-2.2176 4.4279 -0.7577 1.0000 1.0000
-2.2355 4.4571 -0.8071 1.0000 1.0000
-2.2536 4.4860 -0.8566 1.0000 1.0000
-2.2717 4.5145 -0.9063 1.0000 1.0000
-2.2898 4.5426 -0.9562 1.0000 1.0000
-2.3080 4.5704 -1.0063 1.0000 1.0000
-2.3263 4.5978 -1.0565 1.0000 1.0000
-2.3447 4.6248 -1.1069 1.0000 1.0000
-2.3631 4.6515 -1.1575 1.0000 1.0000
-2.3816 4.6778 -1.2083 1.0000 1.0000
-2.4001 4.7037 -1.2592 1.0000 1.0000
-2.4187 4.7293 -1.3103 1.0000 1.0000
-2.4374 4.7545 -1.3616 1.0000 1.0000
-2.4561 4.7793 -1.4130 1.0000 1.0000
-2.4748 4.8038 -1.4645 1.0000 1.0000
-2.4937 4.8279 -1.5163 1.0000 1.0000
-2.5126 4.8516 -1.5682 1.0000 1.0000
-2.5315 4.8749 -1.6202 1.0000 1.0000
-2.5505 4.8978 -1.6724 1.0000 1.0000
-2.5695 4.9204 -1.7247 1.0000 1.0000
-2.5886 4.9426 -1.7772 1.0000 1.0000
-2.6078 4.9644 -1.8298 1.0000 1.0000
-2.6270 4.9858 -1.8826 1.0000 1.0000
-2.6462 5.0068 -1.9354 1.0000 1.0000
-2.6655 5.0275 -1.9885 1.0000 1.0000
-2.6849 5.0477 -2.0416 1.0000 1.0000
-2.7043 5.0676 -2.0949 1.0000 1.0000
-2.7237 5.0871 -2.1483 1.0000 1.0000
-2.7432 5.1062 -2.2018 1.0000 1.0000
-2.7627 5.1249 -2.2555 1.0000 1.0000
-2.7823 5.1432 -2.3093 1.0000 1.0000
-2.8019 5.1612 -2.3632 1.0000 1.0000
-2.8216 5.1787 -2.4172 1.0000 1.0000
-2.8413 5.1958 -2.4713 1.0000 1.0000
-2.8610 5.2126 -2.5255 1.0000 1.0000
-2.8808 5.2290 -2.5798 1.0000 1.0000
-2.9006 5.2449 -2.6343 1.0000 1.0000
-2.9204 5.2605 -2.6888 1.0000 1.0000
-2.9403 5.2757 -2.7434 1.0000 1.0000
-2.9602 5.2904 -2.7982 1.0000 1.0000
-2.9802 5.3048 -2.8530 1.0000 1.0000
-3.0002 5.3188 -2.9079 1.0000 1.0000
-3.0202 5.3324 -2.9629 1.0000 1.0000
-3.0403 5.3456 -3.0180 1.0000 1.0000
-3.0603 5.3583 -3.0732 1.0000 1.0000
-3.0804 5.3707 -3.1284 1.0000 1.0000
-3.1006 5.3827 -3.1837 1.0000 1.0000
-3.1207 5.3943 -3.2391 1.0000 1.0000
-3.1409 5.4054 -3.2946 1.0000 1.0000
-3.1612 5.4162 -3.3502 1.0000 1.0000
-3.1814 5.4266 -3.4058 1.0000 1.0000
-3.2017 5.4365 -3.4615 1.0000 1.0000
-3.2220 5.4461 -3.5172 1.0000 1.0000
-3.2423 5.4552 -3.5730 1.0000 1.0000
-3.2626 5.4640 -3.6289 1.0000 1.0000
